011111111111111111110
010000000010000000010
010110111010111011010
010000000000000000010
010110101111101011010
010000100010001000010
011110111010111011110
000010100000001010000
111110101151101011111
000000001000100000000
111110101111101011111
000010100000001010000
011110101111101011110
010000000010000000010
010110111010111011010
010010000000000010010
011010101111101010110
010000100010001000010
010111111010111111010
010000000000000000010
011111111111111111110
*********************************************
This is extra info not the map

720 X 672